#file for hw7
#columns are wavelength (micron) and specific luminosity (Lsun/micron)

998.2379272356792,4272.50160656637
992.7366751080054,4392.5902883311055
987.2657401764106,4516.100635643662
981.8249553639516,4642.883717506207
976.4141545144423,4773.179126167959
971.033172387379,4907.081148300017
965.6818446528872,5044.67885627854
960.360007886714,5185.969783850266
955.0674995652262,5331.111521859341
949.8041580604564,5480.3880879942535
944.5698226351619,5633.9184670981
939.3643334379144,5791.566290969603
934.1875314982256,5953.327313811729
929.0392587216817,6119.685670271353
923.9193578851267,6290.7762964604735
918.8276726318542,6466.605539241891
913.7640474668308,6647.076763692253
908.7283277519549,6832.270209369046
903.7203597013254,7022.565068574934
898.7399903765534,7218.15077214683
893.7870676820861,7418.773382031163
888.8614403605626,7625.010233629066
883.9629579881981,7837.087044493413
879.0914709701846,8055.100332875519
874.2468305361285,8278.597522090644
869.4288887355037,8508.236743268988
864.6374984331317,8744.366394727545
859.8725133046937,8987.15726499167
855.1337878322556,9236.314720551469
850.4211772998298,9491.878968064493
845.734537788953,9754.590625049945
841.0737261742887,10024.711009580762
836.4386001192621,10301.84656050287
831.8290180717069,10586.280810086731
827.2448392595477,10878.72173156862
822.6859236864989,11179.397104070313
818.1521321277868,11488.024614785394
813.6433261259035,11804.507681890904
809.1593679863719,12129.871980663605
804.7001207735468,12464.37990412759
800.2654483064299,12807.775231606975
795.8552151545094,13159.658165608726
791.4692866336281,13521.355777921828
787.1075288018668,13893.193081103036
782.769808455457,14275.206949651534
778.4559931247081,14666.597899607545
774.1659510699681,15068.74273351583
769.899551277597,15482.137620138941
765.6566634559637,15906.984564887676
761.4371580314723,16342.414141928472
757.2409061445999,16789.63896997609
753.0677796459654,17249.353761554885
748.9176510924136,17721.94202312426
744.7903937431225,18206.856256629573
740.6858815557372,18704.84856203556
736.6039891825131,19216.746238242715
732.544591966496,19742.941414327135
728.5075659377111,20282.491961688276
724.4927878093753,20835.83437595296
720.5001349741372,21404.593634870183
716.5294855003273,21989.20426803635
712.5807181282386,22589.278913943745
708.6537122664229,23204.59593023213
704.7483479880036,23837.087865717098
700.8645060270206,24487.931956349992
697.0020677747802,25156.559587048076
693.1609152762403,25842.10926342364
689.3409312264031,26546.622293771583
685.541998966733,27270.75678857313
681.7640024815983,28014.58299046537
678.0068263947218,28776.265397396128
674.2703559656634,29558.64305698199
670.5544770863114,30362.760575612454
666.8590762774006,31189.06351073994
663.1840406850466,32036.175255025235
659.5292580772962,32906.70185265773
655.8946168407045,33803.10514923516
652.2800059769239,34724.5283518327
648.6853150993129,35669.10469265571
645.1104344295691,36638.5527652335
641.5552547943714,37634.94702074342
638.0196676220521,38659.04598439641
634.503564939275,39708.89741068109
631.0068393677425,40785.05036866895
627.5293841209151,41891.043532490025
624.0710930007483,43027.71526339997
620.6318603944533,44194.66617772429
617.211581271267,45394.05577655142
613.8101511792487,46629.426636186196
610.4274662420889,47899.19906191199
607.0634231559341,49202.989227655875
603.7179191862374,50538.35204916151
600.3908521646157,51910.41433384257
597.0821204857335,53320.605550102424
593.7916231041991,54769.07690030982
590.5192595314759,56251.68775571148
587.2649298328186,57774.27793916165
584.0285346242161,59339.075587548155
580.8099750693607,60947.1035388057
577.6091528766277,62597.454830584575
574.4259702960723,64292.85668980837
571.2603301164486,66035.3039642372
568.1121356622353,67826.02485737184
564.9812907906888,69660.03573361468
561.8676998889041,71540.92023757851
558.7712678708938,73473.86640562741
555.6919001746879,75460.33628567526
552.629502759442,77496.8335371096
549.5839821025694,79583.84729920841
546.5552451968804,81728.49653130092
543.5431995477467,83934.09550380378
540.5477531702741,86206.47665540026
537.5688145864918,88537.67100230989
534.6062928225631,90933.36843068543
531.6600974060038,93395.55713908238
528.7301383629195,95923.17459126277
525.8163262152602,98509.62950532607
522.9185719780841,101166.56266464981
520.036787156844,103897.04734943523
517.1708837446812,106701.73860470744
514.3207742197407,109573.57148987742
511.4863715424974,112522.61366447371
508.66758915309634,115556.42115818302
505.86434096871193,118679.600443514
503.0765413809181,121880.01642338965
500.30410525307195,125165.5181110878
497.5469479177176,128542.01889903664
494.80498517399633,132011.94998601123
492.0781332850791,135564.78108830884
489.3663089756056,139206.89634437065
486.66942942914426,142949.62079669297
483.9874122856622,146795.77976002233
481.3201756390073,150740.39861001368
478.66763803441216,154783.78143678105
476.0297184660009,158937.83908981198
473.4063363743198,163206.06531303487
470.7974116438752,167585.62858124104
468.2028646006856,172070.65708359558
465.62261600985164,176678.63157112853
463.0565870731326,181413.6172530839
460.50469942654365,186273.4913154776
457.9668751379606,191243.14124136465
455.44303670473926,196346.6635776564
452.933107051351,201590.47394944134
450.4370095270262,206976.49101825326
447.9546679034166,212497.46875208867
445.48600637226315,218198.60105078793
443.0309495430854,224064.85841384105
440.5894224408766,230092.43726825112
438.16135050381314,236261.72950053823
435.74665958098035,242591.10981829997
433.3452759301065,249095.32014978115
430.9571262153091,255779.12443907515
428.5821375048592,262620.6940878376
426.22023726895,269630.8009625767
423.8713533774854,276834.000423383
421.5354140978739,284235.7093863548
419.21234809284095,291828.32049371244
416.90208441824933,299608.7693972374
414.6045525209304,307602.9917907971
412.31968223653337,315817.4127383062
410.04740378738023,324242.25463972107
407.7876477803338,332857.85089440213
405.5403452046819,341707.96377144364
403.30542743002593,350801.1848661228
401.0828262041887,360134.2238600486
398.87247365112626,369676.1422474217
396.67430226885864,379473.4102010063
394.48824492740636,389539.1218797945
392.31423486674004,399915.64091342915
390.15220569474354,410585.36855772336
388.0020913851837,421541.2482252216
385.86382627569685,432799.46636504924
383.737345065782,444366.35377293394
381.6225828148056,456193.67065891775
379.5194749400212,468319.9541265781
377.4279572145937,480779.88678780885
375.34796576564133,493582.71346116986
373.2794370722827,506693.00267569843
371.22230796369706,520126.35273264284
369.176515617197,533927.8215620467
367.1419975563073,548095.4537193904
365.1186916488592,562618.3921530364
363.1065361050914,577494.090712777
361.10546947576387,592777.0293266763
359.11543065028184,608479.1245968181
357.13635885482717,624580.3552303928
355.1681936505052,641032.8958012938
353.2108749314979,657929.6943695729
351.2643429232269,675288.4780519414
349.32853818053087,693107.0211848373
347.40340158584706,711333.9582218993
345.4888743474088,730076.2510309988
343.58489799744746,749471.4708028804
341.6914143904088,769411.2175876778
339.80836570117697,789809.9317717847
337.93569442330687,810744.83874435
336.07334336727035,832255.8167943006
334.22125565870874,854355.5500905692
332.37937473669473,876943.4544515342
330.5476443520076,900091.5673823233
328.72600856541254,923874.583075318
326.9144117459553,948310.2332387149
325.1127985692602,973347.8386415219
323.32111401584325,998974.3501530078
321.5393033694309,1025241.7905644471
319.76731221528786,1052226.3696633112
318.00508643855767,1079876.0553875961
316.25257222260757,1108154.0005982616
314.5097160473875,1137200.5381334594
312.77646468779335,1167039.219187667
311.0527652120433,1197630.973362562
309.33856498006077,1228865.894746629
307.63381164186563,1260935.8452483583
305.93845313597745,1293877.365947137
304.252437687825,1327696.093218074
302.57571380816324,1362470.1047446863
300.9082302915044,1398269.865292767
299.24993621455064,1435049.3414610592
297.6007809346416,1472817.4969296344
295.96071408820575,1511385.9107655962
294.32968558922425,1550935.481324492
292.70764562770063,1591563.7733671807
291.0945446681379,1633295.755869779
289.490333448029,1675935.913004069
287.89496297635026,1719610.019358381
286.308384532065,1764471.3129904713
284.7305496626375,1810567.5577656901
283.1614101825509,1857925.9147355482
281.60091817183843,1906483.4533846586
280.0490259746169,1956365.2985021325
278.50568619763396,2007608.3403150102
276.9708517088198,2060085.5611088697
275.44447563584686,2113677.4197244574
273.9265113646999,2168717.8720475445
272.41691253825167,2225254.5038913395
270.9156330548471,2283229.549149113
269.42262706689604,2342439.038983328
267.93784897947194,2403224.311666732
266.46125344892135,2465681.4621560946
264.99279538147664,2529857.3073782474
263.5324299318815,2595478.2356264284
262.0801125020197,2662823.9451763304
260.6357987395531,2731996.149478011
259.19944453656825,2803011.7768894127
257.77100602822884,2875454.076767459
256.3504395914356,2949686.4701806107
254.93770184349438,3025923.7652241234
253.53274964079205,3104215.448726496
252.1355400774784,3184254.746292305
250.74603048415494,3266229.962297032
249.36417842657323,3348560.8124055653
247.9899417043388,3431151.530603218
246.62327834962085,3515571.911595261
245.26414662587283,3601821.1669745785
243.91250502655595,3690296.4615792413
242.56831227387318,3781056.8533966276
241.23152731750696,3873846.8082031473
239.90210933336732,3968365.9638505382
238.58001772234428,4065293.2734179576
237.26521210906733,4164712.40249685
235.95765234067386,4266545.535435565
234.65729848558203,4370390.230940762
233.36411083227102,4475695.3444868615
232.07804988806953,4583248.343471139
230.799076377948,4693418.681792096
229.527151243321,4805588.955434662
228.26223564085254,4920431.591105648
227.00429094127162,5038172.134188863
225.7532787281917,5158829.252927252
224.50916079693667,5281544.302782227
223.27189915337584,5406979.204147627
222.04145601276275,5535563.3163420055
220.8177937985804,5667371.950123602
219.60087514139585,5801886.036920934
218.3906628777164,5939054.138038656
217.18712004885708,6079607.4709902
215.99020989981005,6223678.7090174155
214.79989587812346,6370630.074277181
213.61614163278477,6520328.836600836
212.4389110131097,6673751.401182364
211.26816806764,6830995.422256629
210.1038770430442,6991595.525928283
208.94600238302596,7154890.335024475
207.79450872723834,7322178.490617453
206.6493609102042,7493611.691719369
205.51052396024227,7668785.8747354485
204.37796309839806,7846903.231594622
203.25164373738343,8029307.76407154
202.13153148051939,8216211.3676899895
201.01759212068524,8407504.730775537
199.9097916392751,8601680.436611839
198.80809620515774,8800212.199204585
197.71247217364476,9003612.623128893
196.6228860854615,9211926.032338511
195.53930466572686,9423697.722325018
194.4616948229364,9639973.718245734
193.390023647951,9861516.079571353
192.32425841299315,10087729.784432882
191.26436657064713,10317903.725714754
190.21031575286398,10552851.424467921
189.16207376997482,10793498.94353413
188.11960860970592,11039987.951049773
187.0828884362029,11291039.533689963
186.05188158905673,11546171.10298491
185.02655658233834,11807441.078855908
184.00688210363649,12075013.819840739
182.9928270131007,12348235.17010712
181.98436034249187,12625985.918764994
180.9814512942356,12910195.455188699
179.98406924048118,13200325.717189198
178.99218372216768,13496715.776258824
178.00576444809215,13797898.83682898
177.02478129398597,14105983.193278903
176.0492043015937,14421422.421281388
175.07900367775915,14744021.392534783
174.1141497935151,15070810.052304983
173.154613183178,15404490.230918983
172.20036454344913,15746083.459204383
171.25137473251905,16095689.767583508
170.3076147691774,16451177.470603347
169.36905583192845,16813564.14437942
168.4356692581107,17183300.067297578
167.50742654302158,17561678.765237935
166.5842993390466,17946321.571235087
165.66625945479404,18337844.482348476
164.75327885423417,18738547.564320784
163.84532965584225,19148651.941593647
162.9423841317482,19565832.527075883
162.0444147068885,19988821.294675726
161.15139395816544,20421615.39034191
160.2632946136085,20864491.777876303
159.38008955154217,21316622.16028802
158.50175179975787,21774744.485490322
157.62825453468895,22241738.973509148
156.75957108059322,22719536.718064222
155.8956749087375,23207314.67339824
155.0365396365868,23700838.073158264
154.18213902700003,24204926.71949081
153.3324469874275,24720600.537073277
152.4874375691151,25247527.3096617
151.64708496631064,25780076.74014024
150.8113635154772,26323024.94396987
149.9802476945083,26878358.852069624
149.1537121219488,27446242.157471634
148.33173155621984,28023298.71972883
147.51428089484824,28611706.17917288
146.70133517369914,29213515.857010666
145.89286956621456,29829037.243680377
145.08885938265433,30452809.34703612
144.28928006934305,31085523.258160003
143.494107207919,31732536.372586004
142.70331651458983,32394181.772165608
141.9168838393901,33066826.73864499
141.13478516544347,33747863.84988644
140.35699660823028,34444078.741319984
139.58349441485743,35155474.51925639
138.81425496333296,35878845.4132822
138.04925476184476,36612287.95428647
137.2884704480435,37361709.8100874
136.53187878832904,38127882.91112236
135.7794566771401,38909233.64260416
135.03118113624978,39696867.98300204
134.28702931406346,40500205.20005672
133.54697848492026,41321352.00409895
132.81100604840017,42159949.66491055
132.0790895286327,43007672.632364176
131.35120657361162,43871257.10965101
130.62733495451116,44752856.551045105
129.90745256500827,45651991.41194983
129.19153742060695,46562712.60884724
128.47956765796667,47489015.352615386
127.77152153423519,48435621.296377435
127.06737742638444,49402990.91165621
126.36711383054957,50381589.265140764
125.67070936137333,51371515.0648232
124.97814275135185,52382953.48827416
124.28939285018615,53416388.087449364
123.60443862413527,54467034.47059556
122.92325915537482,55530568.49681103
122.24583364135778,56616337.34258099
121.57214139417874,57725315.86563676
120.902161839943,58854153.79474468
120.23587451813783,59993292.178260036
119.57325908100728,61155811.94585258
118.9142952929315,62343367.36289556
118.25896302980803,63553363.571388766
117.60724227843802,64769338.73352351
116.95911313591415,66007738.33329289
116.3145558090136,67272568.84282427
115.67355061359335,68563537.37149203
115.03607797398851,69869412.84795414
114.40211842241537,71198807.83784287
113.77165259837642,72556502.03972884
113.14466124806897,73942846.21304494
112.52112522379717,75340747.41689895
111.90102548338781,76757632.74990144
111.28434308960826,78204468.98495226
110.67105920958801,79681911.82934736
110.06115511424416,81173873.72638369
109.45461217770894,82678503.30131736
108.85141187676089,84214629.09002334
108.25153579025961,85782945.75849177
107.65496559858285,87375660.50979586
107.06168308306701,88982722.31655589
106.47167012545074,90622568.06179327
105.88490870732213,92296625.78639838
105.30138090956794,93997282.1834545
104.72106891182617,95702356.44630025
104.1439549919426,97439762.81190714
103.57002152542906,99213067.49988103
102.99925098492501,101018571.13344786
102.43162593966291,102829486.08884178
101.86712905493513,104671252.96857797
101.30574309156547,106550738.37785006
100.74745090538164,108464746.63895766
100.19223544669264,110394084.18982461
99.6400797597676,112355147.23611212
99.090966982318,114356226.77149424
98.54488034498273,116397784.13715689
98.00180317081609,118447455.09196995
97.46171887477834,120516816.21886076
96.92461096322931,122627971.44251315
96.39046303342472,124781790.7579682
95.85925877301513,126957021.90698689
95.3309819595479,129148543.50825934
94.80561645997166,131383170.13489352
94.28314623014374,133650510.65479559
93.76355531434008,135945358.79857206
93.24682784476818,138255210.54067573
92.73294804108217,140609788.1924031
92.2219002099012,143011162.4008526
91.71366874432996,145447201.57601848
91.20823812348223,147877986.4960551
90.70559291200684,150350843.6852153
90.20571775961623,152872307.4602835
89.7085974006177,155438114.51763886
89.21421665344718,158012168.80551186
88.72256042020567,160625988.9651181
88.23361368619824,163285046.35145518
87.74736151947516,165993140.4007634
87.26378907037632,168707924.75144088
86.78288157107741,171457034.97627288
86.30462433513911,174259408.6520851
85.82900275705856,177115724.50158873
85.35600231182316,179973479.5155475
84.88560855446725,182847464.84778872
84.41780711963071,185776474.29697657
83.95258372112052,188761576.79339647
83.48992415147418,191777508.28224537
83.0298142815262,194804697.4463436
82.57224005997621,197872481.61133185
82.1171875129601,200998252.8233216
81.66464274362322,204156801.5029592
81.2145919316959,207308969.88478082
80.7670213330716,210517239.6428923
80.32191727938694,213785739.4685914
79.87926617760439,217096126.26162028
79.43905450959716,220380329.93612736
79.0012688317363,223714713.5581307
78.56589577448032,227110882.01638997
78.1329220419667,230564028.58466792
77.7023344116059,234004596.9641851
77.27411973367764,237481038.44801953
76.84826493092916,241021244.12096196
76.42475699817615,244622763.01657313
76.00358300190514,248199464.9995107
75.584730079879,251801493.93572998
75.16818544074371,255468705.44984004
74.75393636363808,259201985.9716386
74.34197019780503,262925424.5701341
73.93227436220538,266654247.8425129
73.52483634513354,270449640.58864474
73.11964370383554,274307321.0849454
72.71668406412887,278155213.0387342
72.31594512002471,282007464.4369156
71.91741463335217,285927070.0088384
71.52108043338436,289915731.03787345
71.12693041646685,293930222.40166795
70.73495254564803,297893742.60040057
70.3451348503114,301919241.33053946
69.9574654258102,306014552.3735904
69.57193243310365,310157722.6211237
69.1885240983955,314256605.034447
68.80722871277447,318409778.2619717
68.42803463185668,322619934.79120433
68.05093027542989,326855109.54901093
67.67590412710017,331063277.47543347
67.30294473393988,335316759.50145805
66.93204070613807,339641967.85947895
66.56318071665261,344035541.4404272
66.19635350086425,348362071.5220748
65.83154785623275,352693131.9932578
65.46875264195452,357095976.2865508
65.10795677862261,361571615.4863359
64.74914924788824,366031749.3575766
64.39231909212428,370486285.1250128
64.03745541409083,374975823.2576726
63.684547376602104,379502241.4827021
63.33358420219578,384033601.4462564
62.98455517280364,388523536.30720365
62.63744962942435,393083748.26181865
62.292256971798025,397716908.61728054
61.94896665808232,402362355.60102063
61.607568204530615,406896443.7735831
61.268051185171835,411489497.3015355
60.93040523149206,416154632.0807841
60.59462003211784,420868909.3970192
60.26068533250134,425519599.3104869
59.92859093460717,430155605.9402175
59.59832669660091,434839975.07982725
59.26988253253937,439581117.2322086
58.94324841206269,444212484.21629745
58.61841436008796,448860708.6422382
58.295370456504514,453579140.2190598
57.974106835871105,458363722.5220157
57.65461368711451,463019341.02908796
57.33688125322999,467638600.3167547
57.020899830983346,472326180.40298283
56.70665977061448,477082796.10996103
56.39415147554279,481805072.20853233
56.08336540207406,486449729.82715523
55.77429205910901,491155183.64540416
55.46692200785347,495928687.3375944
55.161245861530155,500655752.4816766
54.85725428509189,505238724.75352484
54.55493799493664,509882289.9003338
54.254287758623924,514591506.6079668
53.95529439459292,519289888.81646574
53.657948771882054,523799764.9326568
53.362241809850154,528352383.971064
53.06816447789909,532967906.9760475
52.775707795197995,537581371.5736372
52.4848628304091,542033610.3570132
52.19562070141489,546517992.9948318
51.90797257504683,551063064.0582875
51.62190966681568,555648263.6754334
51.3374232406432,560001782.1379949
51.05450460859528,564318904.4290358
50.77314513061681,568693226.1017531
50.49333621426764,573120831.9644806
50.21506931446023,577376125.7167419
49.938335933198715,581553815.6106879
49.66312761931935,585784424.7325732
49.38943596823244,590010596.5512766
49.117252621665756,594119255.0579083
48.84656926740906,598129119.0520394
48.5773776390605,602189803.0485235
48.30966951577402,606301486.6189878
48.04343672200829,610311691.9244142
47.77867112727721,614063580.2716707
47.51536464590139,617853624.4526354
47.253509236761325,621690474.7201339
46.99309690305186,625499085.4205333
46.73411969203785,629081539.4128971
46.476569694811545,632665423.1029565
46.22043904605072,636158606.286078
45.96571992377875,639625669.8926618
45.71240454912559,642851908.7613853
45.460485186090246,646063493.3184553
45.209954141304564,649313976.9939616
44.96080376379828,652580457.128033
44.71302644476532,655511391.344728
44.466614617331416,658345945.0431358
44.221560756323136,661215279.7076505
43.97785737803791,664116588.9673697
43.73549704001571,666831745.7356923
43.49447234081148,669349277.5598687
43.25477591976936,671661985.4922848
43.01640045679772,673992589.1043452
42.77933867214571,676139495.9154888
42.54358332618095,678056554.5412596
42.309127219168374,680000572.8297275
42.07596319105037,681971725.4320346
41.84408412122814,683792763.7576077
41.61348292834429,685248456.9506867
41.384152570066504,686714865.3362799
41.15608604287247,688205327.5544593
40.929276381836004,689656685.6085442
40.70371666041447,690536587.348059
40.479399990237056,691091575.4746433
40.25631952089454,691669214.2731842
40.034468439730084,692214549.3735658
39.81383997163108,692357917.1896816
39.59442737882238,692433087.285888
39.37622396066041,692529678.1875234
39.159223053428605,692625708.9759445
38.94341803013396,692321064.8805077
38.7288023003045,691874376.493022
38.51536930978812,691448845.4396452
38.303112540552426,690983304.1414175
38.09202551048561,689434516.2394012
37.88210177319862,687467315.9410892
37.67333491782814,685529698.9508255
37.46571856884093,683620937.151513
37.25924638583903,681470258.377475
37.05391206336621,678988470.879957
36.849709330715406,676537361.2955257
36.64663195173713,674117833.6543438
36.44467372464911,671571371.8349051
36.24382848184684,668674861.3559902
36.0440900897153,665796155.3679813
35.845452448441534,662703247.9106519
35.647909491828514,658526409.034166
35.45145518710972,653989823.89242
35.256083534765004,649475866.4259822
35.06178856833737,645018384.0578359
34.86856435425072,640563962.0910604
34.6764049916287,638071444.7112625
34.48530461211446,630792860.6671416
34.29525737969143,625946548.7931677
34.106257490505115,621147726.1154603
33.91829917268583,616081580.1004232
33.73137668617252,610941577.5670646
33.54548432253731,605199289.7735515
33.36061640481131,598484376.1525165
33.176767287311165,591615300.3334702
32.993931355466685,584665625.1367935
32.812103025649364,577825047.104391
32.63127674500188,571507849.0732442
32.451446991268476,564227845.2893856
32.27260827262637,557129419.0116864
32.09475512751798,550143232.4996231
31.917882124484176,543270261.741354
31.741983861998417,536407169.0391599
31.56705496830176,529374184.07833797
31.393090101238812,521819673.74292296
31.220083948094633,514058810.66597044
31.0480312254324,506371853.8924444
30.87692667893219,498498311.36762077
30.70676508323039,490729483.5714786
30.537541241760184,483106740.6254931
30.369249986592845,475589090.7238673
30.20188617827989,467835159.07790065
30.035444705696197,460134731.77190584
29.86992048588381,452584737.7578824
29.705308463896788,445175288.03931755
29.54160361264682,437652912.854745
29.378800932749673,429710884.2342438
29.21689545237252,421840245.3249749
29.055882227082176,414135977.04646176
28.89575633969399,406369100.6790092
28.73651290012176,398578702.055146
28.578147045228356,390959515.44344825
28.4206539386772,383507369.0363771
28.26402877078464,376055878.5813472
28.10826675837297,368508133.09065205
27.953363144624383,361127489.9239308
27.799313198935756,353914462.2284781
27.646112216774114,346780987.41143703
27.493755519533032,339577712.4874913
27.342238454389655,332529611.5362222
27.1915563941627,325646135.1755724
27.041704737171102,318870701.89606524
26.892678907093476,311973026.54185206
26.744474352828362,305200538.2582703
26.59708654835531,298592311.3861961
26.450510992596552,292124479.9216825
26.304743209279593,285584918.7156075
26.159778746800523,279143050.8597483
26.01561317808803,272863182.88953674
25.8722421004683,266786789.11183795
25.729661135530396,260777735.67156118
25.587865928992702,254854055.51199752
25.446852150569864,249079377.92201445
25.306615493840567,243449766.4599429
25.167151676116053,237807792.3293588
25.028456438309263,232165148.46458504
24.890525544804845,226670047.8812262
24.75335478332973,221319083.26899043
24.616939964824535,216028640.69355536
24.481276923315683,210738272.64915094
24.346361515788047,205590436.43398917
24.212189622058542,200620808.11061856
24.078757144650258,195756035.21180594
23.946060008667303,190893633.3990813
23.814094161670404,186153801.6291827
23.682855573553162,181542351.3775483
23.552340236418893,177026739.60142648
23.422544164458294,172460878.70045537
23.293463393827725,167995678.9833687
23.165093982528123,163657481.94636524
23.037432010284665,159431005.78635865
22.91047357842699,155216403.83229217
22.78421480977016,151109148.1707558
22.658651848496284,147191121.31603763
22.53378086003671,143389021.4251453
22.409598030954992,139597006.29048762
22.286099568830362,135860205.4431994
22.163281702141937,132232351.38589032
22.041140680153564,128709391.04312472
21.91967277279922,125203285.0091456
21.798874270569215,121714035.38659841
21.678741484396753,118329937.05023825
21.559270745545373,115044632.09162353
21.440458405496905,111828072.3225919
21.322300835839986,108660054.25651397
21.204794428159317,105601957.93521392
21.087935593925465,102636950.63769041
20.971720764385207,99738079.96380466
20.856146390452604,96836581.39124681
20.74120894260061,94018850.38648744
20.626904910753236,91288752.46798886
20.51323080417844,88630462.07041718
20.40018315138144,85962636.60176057
20.287758499998745,83364138.80811362
20.175953416692703,80850467.73210406
20.064764487046656,78415473.3348382
19.954188315460694,75922907.48602536
19.844221525047914,73453335.0206355
19.734860757531305,71072303.75086176
19.626102673141197,68775268.62741578
19.51794395051329,66495147.396547616
19.41038128658715,64260792.2167816
19.303411396505453,62112130.071514875
19.19703101351355,60043994.85067431
19.091236888859775,58015856.98298245
18.986025791696207,56020606.82030651
18.881394508980005,54101265.200575985
18.777339845375305,52217609.83720625
18.673858623155603,50140573.156750716
18.57094768210673,48078376.998269625
18.468603879430344,46108316.10684429
18.366824089647935,44228762.08490359
18.265605204505416,42424033.84171206
18.16494413287815,40656545.32139243
18.06483780067659,38969039.694381
17.965283150752352,37360526.73395394
17.86627714280491,35823867.78771065
17.767816753288727,34327961.26789131
17.66989897532089,32897982.872559525
17.57252081858933,31488550.40149479
17.47567930926144,30029920.856197324
17.379371489893334,28623774.044605434
17.283594419339458,27285932.046894103
17.18834517266284,26024549.900981218
17.093620841045688,24835369.41975399
16.99941853170062,23689340.9584142
16.90573536778228,22593634.738256007
16.81256848829951,21560852.306837704
16.71991504802798,20586565.01449727
16.627772217423264,19658897.594513167
16.536137182534468,18782004.919246566
16.44500714491826,17932632.6107548
16.35437932155343,17107426.58215405
16.264250944755915,16327257.195494259
16.17461926209423,15583094.998195095
16.085481536305444,14887499.273414023
15.996835045211593,14239265.56611183
15.908677081636514,13634990.431892978
15.821004953323198,13057988.180670366
15.733815982851587,12519324.667753834
15.647107507556756,12015254.471308041
15.560876879447637,11544436.251596967
15.475121465126149,11099457.11602024
15.389838645706757,10688944.686222607
15.30502581673652,10311107.663636856
15.220680388115543,9962518.674793717
15.136799784017855,9634130.683326649
15.05338144281278,9328876.820085956
14.970422816986693,9049152.656068595
14.88792137306523,8793256.7876358
14.80587459153589,8553076.329696646
14.724279966771135,8327384.8750393605
14.64313500695182,8123985.8521837
14.562437233991139,7938802.301794745
14.482184183458944,7776822.09640706
14.402373404506447,7663055.988740018
14.323002459791402,7564373.129388029
14.244068925403672,7469599.930888915
14.165570390791192,7388227.968180062
14.087504458686361,7318552.097795059
14.009868745032843,7258164.935972453
13.932660878912728,7210374.704183706
13.85587850247416,7181480.3498031525
13.779519270859312,7155540.363945088
13.703580852132776,7133994.322202681
13.628060927210372,7129289.067950151
13.552957189788284,7143543.942968868
13.478267346272673,7178023.804581058
13.403989115709587,7214640.420502138
13.330120229715336,7253427.900926914
13.256658432407217,7296260.7488243645
13.183601480334614,7343288.937040073
13.110947142410463,7399564.5066124415
13.03869319984316,7463663.641804916
12.966837446068753,7534493.8221010445
12.895377686683617,7598122.751637705
12.824311739377384,7666281.596971871
12.753637433866311,7755532.491423941
12.683352611827022,7848927.803459886
12.613455126830576,7943631.644126422
12.543942844276911,8027214.512753234
12.474813641329694,8116410.86583928
12.406065406851432,8231435.467835706
12.337696041339056,8356285.269567879
12.269703456859771,8487206.740176158
12.202085576987292,8615226.286998423
12.13484033673847,8745938.794342374
12.067965682510176,8884124.85152496
12.001459572016621,9031917.33838282
11.935319974226976,9190159.446116062
11.869544869303338,9341910.547438197
11.80413224853908,9498827.577527191
11.739080114297458,9675755.174277931
11.674386479950652,9858210.328359513
11.610049369819045,10045504.514628734
11.546066819110948,10255640.460994778
11.482436873862536,10471106.572918266
11.419157590878234,10672373.636297842
11.356227037671331,10890463.793068014
11.293643292404981,11125243.173436632
11.231404443833508,11363667.532588404
11.169508591244036,11610509.143849485
11.107953844398457,11872639.776042376
11.046738323475697,12126309.042883378
10.985860159014287,12373113.749181239
10.925317491855312,12619995.303396946
10.865108473085593,12873482.296313675
10.805231263981266,13145201.269569395
10.745684035951587,13427222.7533122
10.686464970483115,13719082.608543528
10.627572259084172,14012255.8324349
10.56900410322959,14306569.967549467
10.510758714305847,14594040.659450341
10.452834313556362,14888320.261232443
10.39522913202724,15190240.913010728
10.337941410513217,15500437.844709394
10.280969399503945,15817072.807877256
10.224311359130553,16137113.830018517
10.167965559112547,16463419.493243597
10.111930278704927,16795708.790651664
10.056203806645653,17120743.75378631
10.000784441103388,17476531.807394516
9.945670489625536,17885152.015485395
9.890860269086529,18288210.068224076
9.836352105636456,18645436.34416046
9.782144334649905,19033101.96239256
9.728235300675186,19477657.045100633
9.674623357383732,19884379.418585833
9.621306867519806,20310705.93887997
9.568284202850569,20728756.20820901
9.515553744116264,21165280.232987605
9.463113880980856,21658409.021723434
9.410963011982806,22147861.524905413
9.35909954448614,22624597.937158067
9.307521894631883,23119874.810737755
9.2562284872896,23609836.02355871
9.205217756009391,24125000.550815936
9.154488142973982,24651782.070840716
9.104038098951154,25196490.399912875
9.053866083246481,25775216.133182038
9.003970563656218,26376971.809850562
8.954350016420559,26964332.250752438
8.905002926177085,27533993.71207845
8.855927785914451,28108647.795688055
8.807123096926437,28728123.759871084
8.7585873687661,29361626.470343117
8.71031911920032,29961362.060937468
8.662316874164508,30592593.959962007
8.614579167717567,31240281.49345926
8.567104541997178,31882125.5934932
8.519891547175218,32518823.11544035
8.472938741413532,33225061.816956896
8.426244690819884,33979427.536406495
8.379807969404142,34702531.24223583
8.333627159034787,35411441.2747272
8.287700849395524,36175239.17270475
8.242027637942307,36877589.0463391
8.196606129860434,37649937.27604536
8.15143493802197,38409116.980831996
8.106512682943402,39193920.46761071
8.061837992743493,39989933.218442045
8.017409503101403,40879701.30559366
7.973225857214991,41784328.90159468
7.929285705759425,42732479.73378054
7.885587706845952,43661271.28972681
7.842130525980893,44596371.44926005
7.798912836024947,45546749.57137608
7.7559333171525955,46513217.32729764
7.713190656811856,47547199.96368225
7.670683549684164,48620158.26289345
7.6284106976445045,49664333.655567825
7.586370809721805,50793044.62652001
7.544562602059455,51900750.237892844
7.502984797876157,53234300.667136
7.461636127426905,53988843.194304734
7.4205153279641936,55348265.18491648
7.3796211436994925,56564611.04113333
7.338952325764851,57761740.114952065
7.298507632174806,59035215.71836125
7.258285827788428,60283322.090961345
7.218285684271586,61553298.46356828
7.178505980059472,62805399.09734781
7.138945500319259,64111975.92137448
7.099603036913033,65351623.67890625
7.0604773883608845,66770807.75398283
7.0215673598041946,68047996.08097878
6.982871762969193,69381800.02455959
6.944389416130616,70842636.482671
6.906119144075662,72518249.10759406
6.868059778068087,74129694.41708153
6.830210155812485,75650439.9696089
6.792569121418846,77134516.36123441
6.755135525367195,78772661.51888575
6.717908224472551,80737488.81449264
6.680886081849971,82293456.10237679
6.6440679668798275,84112734.66223463
6.60745275517332,85920035.90914078
6.57103932853809,88259722.30113201
6.534826574944122,89879014.6509758
6.498813388489725,92476106.32704039
6.462998669367815,94128861.27305199
6.427381323832305,96299447.25138505
6.39196026416468,98521696.05610648
6.356734408640828,100598274.92920294
6.321702681497952,102693993.35571462
6.286864012901763,104853538.99614161
6.252217338913791,107823987.72597064
6.217761601458869,110277804.72145082
6.183495748292873,112123915.3121007
6.149418732970528,114323101.13495539
6.1155295148135,115987906.58585376
6.081827058878592,118439655.6022529
6.04831033592613,121132444.94543508
6.01497832238856,123507315.6979209
5.981830000339143,126056355.71110366
5.948864357460921,128598523.41879898
5.916080387015776,130562218.43051349
5.883477087813668,133523124.98080735
5.851053464182098,136379122.69706643
5.818808525935664,138304600.0343336
5.78674128834585,141177297.92511794
5.75485077211095,143938227.76598567
5.723136003326129,146567755.67273244
5.69159601345373,149094770.06732842
5.660229839293652,152333607.91759187
5.629036522953964,155936444.53491607
5.59801511182165,157466972.01783133
5.567164658533488,160555682.6203709
5.536484220947158,164109005.83478802
5.505972862112437,166834677.32088935
5.47562965024261,169932292.84492776
5.4454536586860085,171632180.42031538
5.415443965897686,173607034.4649651
5.385599655411322,179750518.2660404
5.355919815811182,180827353.43334585
5.326403540704333,183428900.0847324
5.297049928692931,188168062.72453514
5.267858083346691,194241640.357304
5.2388271131755415,195079039.75267863
5.209956131602362,199827809.32078415
5.181244256935942,202359328.34262162
5.152690612344019,205122395.70427614
5.124294325826537,207018875.87532255
5.096054530189003,211779221.23847768
5.0679703630159745,217579126.41461918
5.040040966644782,220928659.77600905
5.012265488139275,224269566.8930062
4.984643079263819,230391382.17384848
4.957172896457378,231500953.18955803
4.929854100807727,235628210.88489595
4.902685858025882,239869523.75242046
4.875667338420574,244126333.02862424
4.8487977168729435,250528016.04015613
4.822076172811331,253883001.62287834
4.795501890186204,260547165.13559067
4.769074057445266,262181016.33099517
4.742791867508639,266523892.33101693
4.716654517744242,269845235.31968313
4.690661209943274,278020386.82933694
4.664811150295818,280630235.60240847
4.639103549366629,288799895.8183228
4.613537622070996,291576657.14855444
4.588112587650792,300561874.72799903
4.562827669650621,307135207.36516976
4.5376820958940876,310250100.1504374
4.512675098460253,321365929.3919827
4.487805913660142,332457782.4219677
4.463073782013454,343128044.78061986
4.43847794822536,354994142.47348464
4.414017661163414,366416311.7753405
4.3896921738346535,387333755.1419491
4.365500743362749,397462145.54435515
4.341442630965348,414785040.83462626
4.317517101931499,424334891.4927848
4.293723425599203,438192827.9389245
4.27006087533313,466018270.50106573
4.246528728502391,477042570.12905693
4.223126266458509,487767028.88537776
4.199852774513434,493366227.94261974
4.176707541917745,502348880.03802764
4.153689861838939,515086432.71865207
4.130799031339827,529944283.1234668
4.1080343513570945,535685514.0715886
4.085395126679927,543538920.5898994
4.062880665928798,553244531.7945123
4.040490281534354,573359661.5357115
4.018223289716393,578919103.2946247
3.9960790104630197,596023979.3006653
3.9740567675098415,604117667.1426461
3.9521558883193464,613210098.4047647
3.930375704060351,626981569.9792793
3.908715549587565,637347195.5186225
3.8871747634213047,650503289.1690918
3.865752687727258,663395323.5941765
3.844448668296429,680890985.1916306
3.823262054525141,705388297.1111356
3.8021921993951584,715030082.2786977
3.7812384594539545,730189985.5504377
3.760400194795032,743042732.3578202
3.739676769038402,766493969.2351189
3.7190675493111467,771021849.16146
3.698571906228073,793474617.7487763
3.678189213872522,814004680.9283173
3.657918849777226,834937802.4837763
3.637760194905317,846721434.0949749
3.617712633631419,859713221.7841767
3.597775553722836,877955782.9645483
3.5779483463208743,894183037.5390413
3.558230405922225,916373134.3030355
3.5386211303604984,926963045.1744194
3.5191199207878157,953026110.235758
3.4997261816565217,960185396.9267281
3.4804393207010134,987221556.9353769
3.461258748919628,998100659.4544336
3.442183880556684,1021687697.7238959
3.4232141330845605,1026248035.984262
3.40434892718594,1044673729.2153106
3.385587686736097,1061674536.7658733
3.3669298387852993,1091117953.5038
3.348374813541335,1099002978.6297567
3.329922044352077,1122427679.620144
3.3115709676882124,1127935628.0803454
3.293321023126016,1144566901.1741335
3.2751716533302253,1169953800.1291509
3.257122304037046,1210435509.7316124
3.2391724240371995,1222832820.3322299
3.2213214651591064,1232178619.920266
3.203568882252146,1249070799.2209258
3.1859141331699887,1271815088.1950104
3.1683566787540687,1287937252.8647168
3.150895982817088,1321041024.8161497
3.1335315121266665,1338861042.3591857
3.1162627363890505,1369009092.9318678
3.0990891282329027,1398038930.1945481
3.0820101631932255,1423975346.845211
3.0650253196953137,1445087359.5321229
3.0481340790388503,1461539690.6352637
3.0313359253820575,1491869503.836861
3.0146303457259314,1537393338.0530431
2.998016829898601,1571429316.0455782
2.981494870539721,1600409536.0490654
2.9650639630849978,1643627042.0087357
2.9487236057507733,1707327870.369952
2.9324732995186924,1761611936.3070974
2.916312548120482,1808746158.132858
2.9002408580227748,1832743419.6218162
2.8842577384120576,1870023272.9799623
2.868362701179666,1904394955.4276273
2.8525552609068843,1932081368.2314255
2.8368349348501267,1970512607.407155
2.8212012429261786,1987004390.9792984
2.8056537076975596,2036005424.1973639
2.7901918543579174,2052715591.3648748
2.7748152107175486,2081314541.1330814
2.7595233071889678,2133997869.9501266
2.744315676772563,2150573277.298275
2.72919185504235,2195733490.743394
2.7141513801317663,2231440966.510755
2.6991937927195893,2241555549.405493
2.684318636015897,2312071898.936459
2.669525455748114,2317906660.1076083
2.654813800147151,2357318592.516658
2.640183219933594,2400541098.858619
2.6256332683039973,2438137671.494507
2.611163500917234,2496264779.2052913
2.5967734758809153,2502272754.9107003
2.582462753737916,2525243057.6464257
2.5682308974529313,2529286550.869477
2.554077472399153,2563632323.0987844
2.54000204634498,2623863339.0339413
2.5260041894408203,2632097065.682591
2.512083474205974,2659094264.436848
2.498239475515563,2675183914.201165
2.484471770587564,2715503485.109366
2.4707799389698897,2861356547.6039777
2.4571635625275405,2903763039.137671
2.4436222254298543,2957893873.8727884
2.4301555141377853,3049358851.2999516
2.4167630173912937,3072913448.0378847
2.4034443261967797,3181307372.89503
2.390199033814582,3146839747.9038386
2.37702673574658,3387386867.7677226
2.363927029723814,3350984711.795313
2.3508995156942225,3466168739.047527
2.3379437958104154,3593895179.0466657
2.3250594744175195,3711431156.5312085
2.3122461580411073,3888113712.366876
2.299503455375167,3859245956.367351
2.286830977270169,4163600957.4533777
2.2742283367211615,4356864741.613133
2.261695148855971,4371709680.432456
2.2492310309234407,4473891452.394348
2.236835602281732,4533553638.388534
2.2245084843867207,4655723370.664911
2.2122493007804147,4698050755.211608
2.200057677079476,4765303644.455692
2.187933240963778,4901316328.22679
2.1758756221650306,4984696601.867427
2.1638844524554868,5092097721.480897
2.1519593656366807,5165861743.326515
2.140099997528259,5272715401.232089
2.1283059859568527,5403583612.002587
2.1165769707450104,5452661230.322766
2.1049125937002127,5538429808.046838
2.0933124986039195,5668061873.014968
2.0817763312007034,5726398185.764744
2.070303739187425,5864398779.462414
2.058894372202467,5925251287.950386
2.0475478818150528,6030330605.870445
2.0362639215145855,6146929627.851339
2.0250421467000805,6258037278.368831
2.0138822146696373,6380473353.259332
2.002783784609967,6517084819.3118
1.991746517585998,6489424469.230413
1.9807700765305087,6601997341.051566
1.9698541262338485,6749797752.898669
1.9589983333336958,6908710524.634526
1.948202366304869,6957604485.055201
1.9374658954492179,7208368874.894767
1.9267885928855393,7447056873.554553
1.916170132539576,7574539611.364149
1.9056101901340543,7716597721.87813
1.895108443178775,7716077480.746439
1.8846645709607786,7858422532.313217
1.8742782545345331,8072242099.692214
1.8639491767122116,8222516365.678965
1.8536770220539958,8449489480.408413
1.8434614768584399,8320263508.926469
1.8333022291529024,8592468739.601992
1.8231989686840029,8705164724.030352
1.813151386908165,8960809642.968645
1.8031591769821766,9057113907.197838
1.7932220337538312,9110212826.531303
1.783339653752607,9444403360.431347
1.7735117351803902,9452539390.213377
1.7637379779022717,9824889055.982656
1.754018083437369,10104130497.413874
1.7443517549497227,10235870902.327848
1.7347386972392227,10342614292.058023
1.7251786167325922,10562526489.109114
1.7156712214744325,10764326830.723507
1.7062162211182943,10909900207.409374
1.6968133269178194,11227507233.762611
1.6874622517179227,11062472922.545956
1.678162709946014,11329188759.705484
1.6689144176032895,11493691391.814642
1.6597170922560451,11840293450.95794
1.6505704530270646,11898134937.408886
1.6414742205870358,11902486458.24151
1.6324281171460133,12086129337.115175
1.62343186644495,12217353500.514572
1.614485193747245,12195741255.879969
1.605587825830365,12224883835.97874
1.5967394909774966,12397998155.21473
1.587939918969243,12342242039.571291
1.579188841075382,12398433584.527225
1.5704859900466484,12673489525.560694
1.561831100106581,12618876615.646631
1.5532239069434042,12904037183.56225
1.5446641477019503,13006830184.60923
1.5361515609756407,13150998973.346407
1.5276858867984955,13098285168.43038
1.5192668666371996,13090101744.293812
1.5108942433832078,13147196818.863127
1.5025677613448838,13213537221.877645
1.4942871662397057,13533843478.616175
1.4860522051864873,13531360030.60058
1.4778626266976662,13484121980.83843
1.4697181806716133,13473046204.848663
1.461618618385005,13451985647.301794
1.453563692485222,14028204805.91807
1.4455531569827926,13934275074.811108
1.4375867672438882,14157442467.806585
1.429664279982844,14387735106.876873
1.421785453254737,14191969149.787016
1.4139500464479942,14303769180.02068
1.4061578202770384,14748133862.377508
1.3984085367749939,15273335323.328955
1.3907019592864052,15728045673.147854
1.3830378524600195,15824342619.72036
1.3754159822415972,15977710778.20146
1.3678361158667578,15929819685.725021
1.3602980218538836,16388271664.921762
1.3528014699970365,16369174596.710321
1.3453462313589395,16340322848.148972
1.337932078263981,16801916518.448837
1.3305587842912558,16803145745.623598
1.3232261242676628,17024123496.964916
1.3159338742610147,17238908615.00431
1.308681811573211,17554264926.02769
1.3014697147334329,17758517644.519375
1.294297363491373,17632952359.366116
1.287164538810522,17483468492.56662
1.2800710228614678,17656246782.930767
1.2730165990152507,18232545004.683163
1.2660010518367455,18205227074.624256
1.2590241670780784,18431937737.175125
1.2520857316720932,18369841538.520927
1.2451855337258324,18550080035.51962
1.2383233625140788,18560978900.318336
1.2314990084729116,18802735802.40934
1.2247122631933065,19129729716.110268
1.2179629194147787,19256532748.200733
1.2112507710190425,19371884591.817104
1.2045756130237277,19877925465.795284
1.19793724157611,19482823928.160744
1.1913354539468928,19945163843.615734
1.1847700485240134,20459477453.327538
1.178240824806482,20260838274.289745
1.171747583398267,20709560537.08664
1.1652901260021966,20821641607.923218
1.1588682554139105,21457848127.255802
1.152481775515834,21378883931.781567
1.1461304912711867,21938018808.449997
1.1398142087180323,21573815691.218014
1.1335327349633466,22196120437.414017
1.1272858781771362,21964239007.006123
1.1210734475865753,22414372568.88906
1.1148952534701762,22544273265.47794
1.108751107152004,22321595348.997498
1.1026408209959055,22465999179.222107
1.0965642083997873,22576152659.87296
1.090521083789912,23190767860.066475
1.0845112626152296,24242738371.58173
1.078534561341748,24460903688.026875
1.0725907974469209,24944034593.05196
1.0666797894140785,25319408224.21739
1.060801356726884,25607290185.21081
1.0549553198638155,25421278559.12988
1.0491415002926927,25902840669.49362
1.0433597204652132,26058177584.75551
1.0376098038115427,26205251073.489853
1.0318915747349144,26213333716.616756
1.0262048586062666,26460547295.740074
1.0205494817589165,26817481258.372852
1.0149252714832466,27068198716.89915
1.0093320560214394,27188293660.82312
1.0037696645622285,27560022487.86879
0.9982379272356791,27973965888.031746
0.9927366751080066,28576181802.85805
0.9872657401764106,28548091716.52763
0.9818249553639525,28740565290.33078
0.9764141545144434,28838240455.029472
0.9710331723873787,28891609777.84802
0.9656818446528883,28763643908.192314
0.9603600078867138,29518529494.013035
0.9550674995652274,28755133615.99206
0.9498041580604575,29567326177.859287
0.944569822635162,29944026998.185387
0.9393643334379155,30130858550.137493
0.9341875314982254,30513468527.93939
0.9290392587216828,31193150384.475197
0.9239193578851276,30504941731.747112
0.918827672631854,31406969815.713726
0.9137640474668317,31996281041.233776
0.908728327751955,33007529063.666073
0.9037203597013264,32644758252.078545
0.8987399903765542,33661416307.1737
0.8937870676820863,33295309330.230778
0.8888614403605635,32524141087.031616
0.883962957988198,34255492320.9757
0.8790914709701858,34334832965.832245
0.8742468305361294,33691163325.60565
0.8694288887355038,33378361315.797813
0.8646374984331324,34326111818.19767
0.8598725133046938,34651403596.50015
0.8551337878322566,33258687960.980747
0.8504211772998306,34001870355.02391
0.8457345377889531,35245775069.254456
0.8410737261742898,35226442055.093994
0.8364386001192624,35832266260.38867
0.831829018071708,35979279500.579544
0.8272448392595486,37490777763.02803
0.822685923686499,36407460843.4196
0.8181521321277875,37153210705.11624
0.8136433261259033,38268274834.68456
0.8091593679863728,37667497719.36453
0.8047001207735475,37782486815.89416
0.8002654483064309,38684128267.88602
0.7958552151545101,37482374406.3323
0.7914692866336284,37917031552.585785
0.7871075288018676,39490985733.386215
0.7827698084554569,39645983831.60247
0.7784559931247089,40025863193.10966
0.774165951069969,39722820549.27028
0.7698995512775969,40484736939.399185
0.7656566634559644,41402514099.8477
0.7614371580314726,40981776516.45963
0.7572409061446008,41436459719.53485
0.7530677796459659,42232884038.11278
0.7489176510924136,42418051990.103516
0.7447903937431236,42631992578.986015
0.7406858815557371,40647197518.54594
0.7366039891825138,42101129366.34777
0.7325445919664968,42484209808.093346
0.7285075659377113,43064758567.029144
0.724492787809376,42587319567.59379
0.7205001349741372,42993773515.51568
0.7165294855003279,42673237133.47287
0.7125807181282394,42887769516.4547
0.7086537122664227,43453673683.60227
0.7047483479880043,43529315177.12593
0.7008645060270207,43964345581.99776
0.697002067774781,44680942351.00366
0.693160915276241,45532046258.34698
0.689340931226403,46553890398.14519
0.6855419989667338,45021871961.27851
0.6817640024815984,45945531506.92309
0.6780068263947224,46038740697.27403
0.6742703559656635,46304804009.51549
0.6705544770863113,46978710332.45403
0.6668590762774014,46527414988.824745
0.6631840406850467,47215032374.87466
0.6595292580772968,45451184098.342255
0.6558946168407052,44387639041.02586
0.6522800059769246,49033705807.47915
0.6486853150993134,48799739143.2329
0.645110434429569,50889810172.70218
0.6415552547943721,50461329889.74254
0.6380196676220523,49487111502.010185
0.6345035649392754,50065869721.81995
0.631006839367743,51086244007.41133
0.6275293841209151,51427192944.06648
0.624071093000749,51901966884.18632
0.6206318603944533,51568357804.33456
0.6172115812712677,52027666288.25103
0.6138101511792492,54036795164.2994
0.6104274662420889,53102769396.03539
0.6070634231559348,55030143080.345215
0.6037179191862374,54303081410.76882
0.6003908521646163,53595928281.29113
0.5970821204857341,55552861980.081154
0.593791623104199,55103254649.11196
0.5905192595314765,51679645306.27063
0.5872649298328186,56008644079.41925
0.5840285346242168,56407683607.5041
0.5808099750693613,57729509456.94292
0.5776091528766276,54422399392.99611
0.5744259702960729,58156652722.06506
0.5712603301164485,56377783582.22697
0.568112135662236,57089394884.62413
0.5649812907906895,58198623556.21886
0.5618676998889042,57265050686.365845
0.5587712678708944,58264287912.77703
0.5556919001746878,59014031060.09249
0.5526295027594426,58565432051.67419
0.5495839821025693,58656368478.50109
0.5465552451968804,61365036853.59057
0.5435431995477473,60348188552.81252
0.5405477531702741,59184076857.670006
0.5375688145864924,61714059995.922745
0.5346062928225636,61829819387.73507
0.531660097406004,61719391978.433426
0.5287301383629202,61313335764.43453
0.5258163262152603,61614134868.74992
0.5229185719780846,64118226835.37482
0.520036787156844,60872589339.395836
0.5171708837446817,61853036138.92725
0.5143207742197412,61916396084.46926
0.5114863715424973,64161737126.687805
0.5086675891530968,64650861840.48426
0.5058643409687124,66470432460.40581
0.5030765413809186,65621335718.90926
0.5003041052530725,63852351844.29975
0.49754694791771764,66140780906.563644
0.49480498517399685,68022489010.96918
0.4920781332850791,65889864622.73657
0.4893663089756061,65948788850.38448
0.4866694294291448,56665604183.924934
0.48398741228566217,67900626481.30725
0.4813201756390078,72052474227.79172
0.4786676380344121,70663801533.47829
0.4760297184660014,67951992494.0558
0.47340633637432017,70262943199.75082
0.4707974116438751,72216368383.07886
0.46820286460068605,70744333049.92195
0.4656226160098516,73126251729.51416
0.4630565870731331,73051003663.60422
0.4605046994265441,71143803545.69154
0.4579668751379606,72934286111.20927
0.4554430367047396,75116890765.20999
0.452933107051351,75911262301.56078
0.45043700952702664,72080547177.62392
0.4479546679034164,75656692688.33742
0.44548600637226327,73802170806.10257
0.44303094954308586,76491155016.07634
0.44058942244087657,73347804216.28206
0.43816135050381355,71747534178.70395
0.43574665958098086,65414508483.054985
0.4333452759301064,65672476224.65564
0.43095712621530946,66598890448.99485
0.42858213750485924,70762911419.75806
0.42622023726895036,76849519906.64969
0.4238713533774853,73875765243.60982
0.4215354140978743,76912908083.86275
0.4192123480928414,74487649710.18683
0.4169020844182492,76885241234.47537
0.41460455252093087,74906714980.3952
0.41231968223653376,71581719226.24205
0.4100474037873806,64436821988.63161
0.4077876477803342,74903000141.92915
0.40554034520468185,79472364236.48071
0.4033054274300264,82686232871.46632
0.40108282620418867,81053542496.24852
0.3988724736511267,68329603732.385086
0.396674302268859,57430355051.06506
0.39448824492740636,65533239563.06426
0.3923142348667404,74587729240.85954
0.3901522056947435,55665797486.08972
0.38800209138518404,67489526117.91079
0.38586382627569726,69679757402.341
0.38373734506578194,53233352241.08675
0.38162258281480604,63895562965.020325
0.3795194749400212,57106835706.98458
0.37742795721459416,57550707823.81788
0.3753479657656417,55540614434.1101
0.3732794370722826,45515039963.237854
0.3712223079636975,50321549817.22792
0.36917651561719705,47140013658.42327
0.3671419975563076,48632281636.8668
0.3651186916488593,44644424573.71901
0.36310653610509136,44610845576.68268
0.36110546947576416,43682017980.591125
0.3591154306502818,46703237972.57721
0.35713635885482753,46549510383.39779
0.3551681936505056,47576411627.94326
0.3532108749314979,47922562127.05334
0.3512643429232273,46223991312.42131
0.34932853818053083,45589511277.28628
0.3474034015858475,46269660731.61199
0.3454888743474088,44125543482.50296
0.34358489799744785,43942368608.40118
0.34169141439040923,45900361099.57808
0.339808365701177,44556937056.16862
0.3379356944233072,46065712964.37916
0.3360733433672707,46492837838.244865
0.3342212556587091,46619274283.35272
0.3323793747366951,48062329107.75915
0.3305476443520076,49158780845.7305
0.32872600856541295,53325937063.63217
0.32691441174595526,54469217062.92592
0.32511279856926056,51196477299.7908
0.3233211140158437,48722046154.92473
0.321539303369431,46827556578.12585
0.31976731221528826,47548057704.6244
0.3180050864385576,49940728506.93369
0.3162525722226078,50872537889.89588
0.3145097160473875,53764748457.010994
0.31277646468779335,49951399812.73338
0.3110527652120436,52442154306.76462
0.3093385649800608,51262814871.79781
0.30763381164186593,49848076372.52396
0.30593845313597784,50404019591.48636
0.3042524376878249,51544410520.464294
0.30257571380816356,52790204366.88197
0.30090823029150443,51683747851.80214
0.2992499362145509,53668405094.04583
0.29760078093464154,52085012992.24793
0.29596071408820573,52556898161.01054
0.2943296855892246,52669904630.97742
0.2927076456277006,52401383611.63198
0.2910945446681382,50891715958.72393
0.2894903334480293,51728441999.178024
0.2878949629763503,49760691299.92244
0.28630838453206525,48703480399.53845
0.28473054966263744,50086530119.82982
0.28316141018255125,49683690412.73081
0.2816009181718384,45465671194.78813
0.2800490259746171,42734926717.271454
0.2785056861976343,48966001700.23995
0.27697085170881985,47782085616.91756
0.2754444756358472,49358857343.94743
0.27392651136470014,48858179593.69589
0.272416912538252,53551951177.78401
0.2709156330548474,54416537360.3322
0.269422627066896,53761968093.88194
0.2679378489794722,57887925411.54378
0.2664612534489213,53403702563.39736
0.2649927953814769,60327896559.89273
0.26353242993188175,54275891472.062164
0.26208011250201974,54804196328.70128
0.26063579873955334,50034682390.953186
0.25919944453656857,53629056400.75391
0.2577710060282291,53280741025.740265
0.25635043959143555,51718579546.82199
0.25493770184349435,49855349147.15655
0.25353274964079237,48725894989.246056
0.2521355400774785,54687648918.39212
0.25074603048415517,58729758094.42938
0.24936417842657352,52639905988.1938
0.24798994170433877,54093850718.37121
0.24662327834962106,60324441235.122215
0.2452641466258729,55964238320.81242
0.2439125050265562,55471993570.66343
0.24256831227387318,58765200348.5198
0.241231527317507,55357327684.10828
0.23990210933336756,54633919458.59043
0.2385800177223443,51934180840.51734
0.2372652121090676,63097431980.22033
0.23595765234067406,54305865432.76534
0.23465729848558206,52359856593.69062
0.23336411083227127,50368287376.66718
0.23207804988806954,56045118439.25261
0.23079907637794828,54952637843.83369
0.22952715124332096,62431957722.37936
0.22826223564085277,56650020328.646416
0.22700429094127186,56939600137.38043
0.22575327872819165,56695955557.52338
0.22450916079693692,58977507108.216354
0.22327189915337606,58077786549.79022
0.22204145601276293,58267647976.79117
0.22081779379858066,57927751190.88495
0.2196008751413958,61878990818.90177
0.21839066287771663,57111125999.72641
0.2171871200488571,57912547474.24818
0.21599020989981033,63203442874.08882
0.2147998958781237,59370995132.972725
0.21361614163278472,61400075342.69195
0.2124389110131099,63774238715.9617
0.21126816806764015,65855617486.06155
0.21010387704304437,65927942923.84319
0.20894600238302602,59857081159.838295
0.20779450872723831,62590699328.493454
0.20664936091020442,67629164180.20722
0.20551052396024225,65803839026.7757
0.20437796309839826,67964927559.10595
0.20325164373738366,64237249096.89107
0.20213153148051938,70820004298.51251
0.20101759212068537,66164574348.308174
0.1999097916392751,66864336893.657036
0.1988080962051579,68943889703.2574
0.1977124721736447,73817293417.29657
0.19662288608546147,77289200719.5752
0.19553930466572708,70183135549.70667
0.19446169482293638,71952946091.13141
0.1933900236479512,74797305643.84828
0.1923242584129934,73914573221.87704
0.19126436657064713,76508875691.39346
0.19021031575286415,76313138411.48027
0.18916207376997485,77688322694.65088
0.1881196086097061,82249400956.6422
0.1870828884362029,89450335297.50975
0.18605188158905675,91314573353.1637
0.18502655658233855,85634938219.35435
0.18400688210363644,86933476244.1637
0.18299282701310088,92119561330.04646
0.18198436034249207,94548279182.36235
0.1809814512942358,93354108018.95294
0.1799840692404814,92846622045.60028
0.17899218372216769,100224724923.21823
0.1780057644480923,93078773014.07285
0.17702478129398602,95802496488.43997
0.1760492043015939,99378723420.64621
0.17507900367775928,104987779657.28146
0.1741141497935151,95316255086.51607
0.17315461318317818,97202272890.616
0.17220036454344928,96009661852.54912
0.1712513747325192,108618541370.05267
0.1703076147691774,107250758192.66
0.16936905583192846,103266159553.52856
0.16843566925811088,105182698114.07626
0.16750742654302161,99077961640.89165
0.16658429933904675,104793613561.75566
0.1656662594547942,115788704811.34369
0.16475327885423421,107681456105.8363
0.16384532965584245,109024473053.40454
0.1629423841317482,102611546946.47606
0.16204441470688863,109621902492.95279
0.1611513939581655,111454395883.14699
0.1602632946136085,115433358766.82468
0.15938008955154237,111126557738.16052
0.15850175179975784,103222487241.88791
0.15762825453468915,106894187084.4625
0.1567595710805934,107522781358.09305
0.1558956749087375,118671199009.04193
0.15503653963658692,98484841267.0507
0.154182139027,96207238410.50201
0.15333244698742765,111589879680.10388
0.15248743756911504,132708220476.17928
0.15164708496631066,122054311100.39464
0.15081136351547733,137165856231.9084
0.14998024769450832,132428821042.98424
0.14915371212194892,129017520637.22389
0.14833173155622,137935126058.11548
0.1475142808948484,132525029326.16756
0.14670133517369927,128159124700.64075
0.14589286956621456,135839777450.85132
0.14508885938265448,151083487322.4539
0.144289280069343,146849742084.05225
0.14349410720791916,145317532266.45013
0.14270331651458998,132779442014.53615
0.1419168838393901,139376081915.4913
0.14113478516544362,150924302515.66415
0.14035699660823042,164722950849.5458
0.13958349441485757,157612897670.10428
0.13881425496333294,163687548014.59866
0.13804925476184476,147725675404.45044
0.13728847044804368,142970767127.66873
0.13653187878832904,145012538039.53333
0.13577945667714023,162590819407.91312
0.13503118113624996,153469672176.40714
0.13428702931406347,171499597646.8862
0.13354697848492042,162984053796.18976
0.13281100604840015,150159670994.06387
0.13207908952863284,178988315240.6569
0.13135120657361163,160036170602.884
0.13062733495451118,172743278279.7739
0.1299074525650084,163450129804.8526
0.129191537420607,165843052696.2661
0.1284795676579668,178820739593.3377
0.12777152153423535,171841770094.17264
0.12706737742638444,164308995410.81534
0.12636711383054966,174178748720.10278
0.12567070936137334,165890113693.68375
0.12497814275135198,183519251845.31488
0.12428939285018616,163990743912.9723
0.12360443862413528,135875125708.22273
0.12292325915537496,128842452749.71416
0.12224583364135778,116402687778.72606
0.12157214139417888,92493347331.75404
0.12090216183994312,110876835136.33961
0.12023587451813796,155895212310.1824
0.11957325908100737,159704565679.7456
0.11891429529293152,150161278974.75876
0.11825896302980814,134332637977.37856
0.11760724227843801,116303236475.59076
0.11695911313591423,156779739115.74237
0.11631455580901372,175107666392.589
0.11567355061359334,185902854101.38742
0.11503607797398864,157723614091.67783
0.1144021184224155,158294003336.88806
0.11377165259837657,171140421323.78864
0.11314466124806898,160043934299.80576
0.11252112522379717,148851676094.588
0.11190102548338791,151649578129.61484
0.11128434308960826,191084398090.4852
0.11067105920958813,182481904320.3085
0.11006115511424425,187338258196.8148
0.10945461217770894,176490941099.5831
0.10885141187676105,177567545144.49402
0.10825153579025974,162847736713.81866
0.10765496559858298,177388972002.10535
0.10706168308306702,170353369510.93182
0.10647167012545079,185485752123.1057
0.10588490870732224,186994642969.92203
0.10530138090956792,199214080979.6491
0.10472106891182627,180131991838.5833
0.10414395499194269,153865121106.87744
0.10357002152542905,124216740405.25761
0.10299925098492511,126595075356.6037
0.10243162593966292,108356459505.84294
0.10186712905493525,131651813077.93155
0.10130574309156547,162196633385.0144
0.10074745090538163,177487707177.73782
0.10019223544669274,152999683106.41675
0.09964007975976767,130885909901.0166
0.09909096698231809,119123415042.54729
0.09854488034498288,118398340136.6327
0.09800180317081605,85016841065.57567
0.0974617188747784,78812627376.32768
0.09692461096322946,106232505929.47742
0.09639046303342473,146253441760.99588
0.09585925877301521,109561382672.05125
0.095330981959548,117691288466.67001
0.09480561645997161,129620324189.34648
0.09428314623014375,154074042851.60797
0.09376355531434018,136910935366.45177
0.09324682784476833,159311807637.42862
0.09273294804108219,115221118093.73424
0.09222190020990123,112206064417.6909
0.09171366874433005,99453095740.33183
0.09120823812348222,0.0
0.0907055929120069,0.0
0.09020571775961635,0.0
0.08970859740061764,0.0
0.0892142166534472,0.0
0.08872256042020576,0.0
0.08823361368619836,0.0
0.08774736151947517,0.0
0.08726378907037637,0.0
0.0867828815710775,0.0
0.08630462433513912,0.0
0.08582900275705858,0.0
0.08535600231182326,0.0
0.08488560855446738,0.0
0.08441780711963072,0.0
0.08395258372112056,0.0
0.0834899241514743,0.0
0.0830298142815262,0.0
0.08257224005997624,0.0
0.08211718751296018,0.0
0.08166464274362317,0.0
0.08121459193169593,0.0
0.0807670213330717,0.0
0.08032191727938709,0.0
0.0798792661776044,0.0
0.07943905450959722,0.0
0.07900126883173642,0.0
0.07856589577448034,0.0
0.07813292204196676,0.0
0.07770233441160597,0.0
0.07727411973367758,0.0
0.0768482649309292,0.0
0.0764247569981762,0.0
0.07600358300190525,0.0
0.07558473007987898,0.0
0.07516818544074376,0.0
0.07475393636363815,0.0
0.07434197019780502,0.0
0.0739322743622054,0.0
0.07352483634513361,0.0
0.07311964370383549,0.0
0.07271668406412886,0.0
0.07231594512002477,0.0
0.07191741463335227,0.0
0.07152108043338436,0.0
0.0711269304164669,0.0
0.07073495254564811,0.0
0.0703451348503114,0.0
0.06995746542581023,0.0
0.06957193243310372,0.0
0.06918852409839561,0.0
0.06880722871277449,0.0
0.0684280346318567,0.0
0.06805093027543,0.0
0.06767590412710017,0.0
0.06730294473393991,0.0
0.06693204070613813,0.0
0.06656318071665257,0.0
0.06619635350086428,0.0
0.06583154785623281,0.0
0.06546875264195463,0.0
0.06510795677862262,0.0
0.06474914924788827,0.0
0.06439231909212437,0.0
0.06403745541409082,0.0
0.06368454737660213,0.0
0.06333358420219584,0.0
0.06298455517280362,0.0
0.0626374496294244,0.0
0.06229225697179809,0.0
0.0619489666580824,0.0
0.06160756820453061,0.0
0.06126805118517187,0.0
0.06093040523149214,0.0
0.06059462003211784,0.0
0.060260685332501375,0.0
0.05992859093460724,0.0
0.05959832669660087,0.0
0.05926988253253938,0.0
0.05894324841206275,0.0
0.05861841436008806,0.0
0.05829537045650452,0.0
0.05797410683587113,0.0
0.05765461368711456,0.0
0.05733688125322999,0.0
0.05702089983098338,0.0
0.056706659770614544,0.0
0.05639415147554288,0.0
0.05608336540207406,0.0
0.05577429205910904,0.0
0.055466922007853546,0.0
0.05516124586153015,0.0
0.05485725428509191,0.0
0.05455493799493668,0.0
0.05425428775862389,0.0
0.05395529439459293,0.0
0.05365794877188211,0.0
0.05336224180985024,0.0
0.05306816447789909,0.0
0.05277570779519803,0.0
0.05248486283040917,0.0
0.05219562070141489,0.0
0.05190797257504686,0.0
0.051621909666815735,0.0
0.05133742324064317,0.0
0.05105450460859529,0.0
0.05077314513061688,0.0
0.05049333621426773,0.0
0.05021506931446023,0.0
0.049938335933198734,0.0
0.04966312761931939,0.0
0.04938943596823244,0.0
0.04911725262166577,0.0
0.0488465692674091,0.0
0.048577377639060476,0.0
0.04830966951577402,0.0
0.04804343672200834,0.0
0.047778671127277295,0.0
0.0475153646459014,0.0
0.04725350923676136,0.0
0.046993096903051895,0.0
0.04673411969203786,0.0
0.04647656969481158,0.0
0.04622043904605078,0.0
0.04596571992377883,0.0
0.045712404549125576,0.0
0.04546048518609027,0.0
0.04520995414130463,0.0
0.04496080376379828,0.0
0.04471302644476533,0.0
0.04446661461733148,0.0
0.04422156075632311,0.0
0.04397785737803795,0.0
0.043735497040015746,0.0
0.04349447234081155,0.0
0.04325477591976935,0.0
0.043016400456797735,0.0
0.04277933867214577,0.0
0.042543583326180946,0.0
0.04230912721916839,0.0
0.0420759631910504,0.0
0.041844084121228135,0.0
0.04161348292834431,0.0
0.04138415257006654,0.0
0.04115608604287252,0.0
0.04092927638183601,0.0
0.040703716660414495,0.0
0.04047939999023711,0.0
0.040256319520894535,0.0
0.0400344684397301,0.0
0.039813839971631126,0.0
0.039594427378822364,0.0
0.03937622396066041,0.0
0.03915922305342864,0.0
0.03894341803013403,0.0
0.0387288023003045,0.0
0.03851536930978814,0.0
0.03830311254055247,0.0
0.038092025510485614,0.0
0.037882101773198645,0.0
0.037673334917828184,0.0
0.037465718568840976,0.0
0.03725924638583904,0.0
0.03705391206336625,0.0
0.03684970933071546,0.0
0.03664663195173713,0.0
0.036444673724649115,0.0
0.036243828481846874,0.0
0.03604409008971528,0.0
0.035845452448441555,0.0
0.03564790949182854,0.0
0.03545145518710977,0.0
0.035256083534765004,0.0
0.035061788568337394,0.0
0.03486856435425077,0.0
0.03467640499162871,0.0
0.03448530461211449,0.0
0.03429525737969146,0.0
0.034106257490505096,0.0
0.03391829917268585,0.0
0.03373137668617255,0.0
0.033545484322537365,0.0
0.033360616404811305,0.0
0.03317676728731118,0.0
0.03299393135546672,0.0
0.03281210302564936,0.0
0.032631276745001894,0.0
0.032451446991268514,0.0
0.03227260827262635,0.0
0.032094755127517985,0.0
0.03191788212448421,0.0
0.03174198386199847,0.0
0.03156705496830176,0.0
0.031393090101238835,0.0
0.031220083948094658,0.0
0.0310480312254324,0.0
0.030876926678932205,0.0
0.03070676508323042,0.0
0.030537541241760228,0.0
0.03036924998659285,0.0
0.03020188617827992,0.0
0.030035444705696236,0.0
0.02986992048588381,0.0
0.029705308463896813,0.0
0.029541603612646853,0.0
0.029378800932749655,0.0
0.02921689545237253,0.0
0.0290558822270822,0.0
0.02889575633969404,0.0
0.02873651290012176,0.0
0.028578147045228368,0.0
0.02842065393867725,0.0
0.028264028770784645,0.0
0.028108266758372982,0.0
0.027953363144624408,0.0
0.027799313198935742,0.0
0.027646112216774134,0.0
0.027493755519533057,0.0
0.027342238454389694,0.0
0.0271915563941627,0.0
0.027041704737171116,0.0
0.026892678907093504,0.0
0.02674447435282837,0.0
0.02659708654835533,0.0
0.026450510992596578,0.0
0.02630474320927958,0.0
0.026159778746800526,0.0
0.02601561317808806,0.0
0.02587224210046833,0.0
0.025729661135530393,0.0
0.025587865928992714,0.0
0.02544685215056989,0.0
0.025306615493840563,0.0
0.02516715167611606,0.0
0.025028456438309296,0.0
0.024890525544804882,0.0
0.024753354783329726,0.0
0.024616939964824565,0.0
0.024481276923315722,0.0
0.02434636151578804,0.0
0.02421218962205855,0.0
0.024078757144650277,0.0
0.02394606000866729,0.0
0.023814094161670418,0.0
0.02368285557355319,0.0
0.023552340236418928,0.0
0.023422544164458298,0.0
0.023293463393827738,0.0
0.023165093982528157,0.0
0.023037432010284662,0.0
0.022910473578426998,0.0
0.022784214809770185,0.0
0.022658651848496268,0.0
0.022533780860036722,0.0
0.022409598030955016,0.0
0.0222860995688304,0.0
0.02216328170214194,0.0
0.022041140680153566,0.0
0.021919672772799256,0.0
0.021798874270569216,0.0
0.021678741484396764,0.0
0.0215592707455454,0.0
0.021440458405496892,0.0
0.021322300835839986,0.0
0.02120479442815934,0.0
0.021087935593925498,0.0
0.020971720764385207,0.0
0.020856146390452614,0.0
0.02074120894260063,0.0
0.020626904910753235,0.0
0.020513230804178446,0.0
0.020400183151381465,0.0
0.020287758499998775,0.0
0.020175953416692705,0.0
0.020064764487046676,0.0
0.019954188315460728,0.0
0.019844221525047917,0.0
0.019734860757531315,0.0
0.01962610267314122,0.0
0.019517943950513282,0.0
0.019410381286587158,0.0
0.019303411396505474,0.0
0.01919703101351358,0.0
0.019091236888859775,0.0
0.01898602579169622,0.0
0.018881394508980034,0.0
0.01877733984537531,0.0
0.018673858623155615,0.0
0.01857094768210675,0.0
0.018468603879430334,0.0
0.018366824089647946,0.0
0.018265605204505438,0.0
0.018164944132878183,0.0
0.018064837800676584,0.0
0.017965283150752364,0.0
0.017866277142804938,0.0
0.01776781675328873,0.0
0.0176698989753209,0.0
0.017572520818589343,0.0
0.01747567930926143,0.0
0.017379371489893332,0.0
0.01728359441933948,0.0
0.017188345172662867,0.0
0.01709362084104569,0.0
0.016999418531700623,0.0
0.016905735367782296,0.0
0.01681256848829951,0.0
0.016719915048027986,0.0
0.01662777221742328,0.0
0.016536137182534487,0.0
0.01644500714491826,0.0
0.01635437932155345,0.0
0.01626425094475594,0.0
0.016174619262094233,0.0
0.016085481536305457,0.0
0.01599683504521161,0.0
0.015908677081636506,0.0
0.015821004953323208,0.0
0.015733815982851604,0.0
0.015647107507556778,0.0
0.01556087687944764,0.0
0.015475121465126158,0.0
0.01538983864570678,0.0
0.015305025816736522,0.0
0.015220680388115549,0.0
0.015136799784017869,0.0
0.015053381442812775,0.0
0.014970422816986703,0.0
0.014887921373065244,0.0
0.014805874591535918,0.0
0.014724279966771133,0.0
0.014643135006951826,0.0
0.014562437233991163,0.0
0.014482184183458945,0.0
0.014402373404506454,0.0
0.014323002459791415,0.0
0.014244068925403666,0.0
0.014165570390791197,0.0
0.014087504458686374,0.0
0.014009868745032865,0.0
0.01393266087891273,0.0
0.01385587850247417,0.0
0.013779519270859327,0.0
0.013703580852132776,0.0
0.013628060927210379,0.0
0.013552957189788297,0.0
0.013478267346272693,0.0
0.013403989115709584,0.0
0.013330120229715348,0.0
0.013256658432407241,0.0
0.013183601480334614,0.0
0.01311094714241047,0.0
0.01303869319984317,0.0
0.012966837446068752,0.0
0.012895377686683624,0.0
0.012824311739377396,0.0
0.012753637433866332,0.0
0.012683352611827023,0.0
0.012613455126830583,0.0
0.012543942844276929,0.0
0.01247481364132969,0.0
0.012406065406851439,0.0
0.01233769604133907,0.0
0.012269703456859763,0.0
0.0122020855769873,0.0
0.012134840336738485,0.0
0.012067965682510194,0.0
0.012001459572016619,0.0
0.01193531997422698,0.0
0.011869544869303356,0.0
0.011804132248539078,0.0
0.011739080114297466,0.0
0.011674386479950661,0.0
0.011610049369819039,0.0
0.011546066819110948,0.0
0.011482436873862545,0.0
0.011419157590878252,0.0
0.011356227037671331,0.0
0.011293643292404988,0.0
0.011231404443833515,0.0
0.011169508591244033,0.0
0.011107953844398465,0.0
0.011046738323475708,0.0
0.010985860159014283,0.0
0.010925317491855314,0.0
0.010865108473085607,0.0
0.010805231263981285,0.0
0.010745684035951587,0.0
0.01068646497048312,0.0
0.010627572259084181,0.0
0.010569004103229591,0.0
0.010510758714305849,0.0
0.010452834313556371,0.0
0.010395229132027256,0.0
0.010337941410513217,0.0
0.010280969399503948,0.0
0.01022431135913057,0.0
0.01016796555911255,0.0
0.010111930278704932,0.0
0.010056203806645665,0.0
0.010000784441103385,0.0
0.009945670489625538,0.0
0.00989086026908654,0.0
0.009836352105636466,0.0
0.009782144334649908,0.0
0.009728235300675197,0.0
0.00967462335738374,0.0
0.009621306867519806,0.0
0.009568284202850568,0.0
0.009515553744116275,0.0
0.009463113880980856,0.0
0.009410963011982807,0.0
0.009359099544486152,0.0
0.009307521894631889,0.0
0.009256228487289601,0.0
0.009205217756009399,0.0
0.009154488142973987,0.0
0.009104038098951151,0.0
0.00905386608324648,0.0
0.009003970563656224,0.0
0.00895435001642056,0.0
0.008905002926177083,0.0
0.00885592778591446,0.0
0.008807123096926446,0.0
0.008758587368766101,0.0
0.00871031911920033,0.0
0.008662316874164515,0.0
0.008614579167717568,0.0
0.00856710454199718,0.0
0.008519891547175227,0.0
0.008472938741413548,0.0
0.008426244690819883,0.0
0.008379807969404152,0.0
0.008333627159034792,0.0
0.008287700849395525,0.0
0.008242027637942314,0.0
0.008196606129860442,0.0
0.008151434938021966,0.0
0.008106512682943403,0.0
0.0080618379927435,0.0
0.00801740950310141,0.0
0.00797322585721499,0.0
0.007929285705759433,0.0
0.00788558770684596,0.0
0.007842130525980893,0.0
0.007798912836024946,0.0
0.007755933317152602,0.0
0.007713190656811854,0.0
0.0076706835496841656,0.0
0.007628410697644513,0.0
0.007586370809721812,0.0
0.007544562602059454,0.0
0.007502984797876164,0.0
0.007461636127426914,0.0
0.007420515327964192,0.0
0.007379621143699492,0.0
0.007338952325764856,0.0
0.007298507632174805,0.0
0.007258285827788429,0.0
0.007218285684271592,0.0
0.007178505980059479,0.0
0.007138945500319259,0.0
0.0070996030369130415,0.0
0.007060477388360892,0.0
0.0070215673598041945,0.0
0.006982871762969193,0.0
0.006944389416130624,0.0
0.0069061191440756755,0.0
0.0068680597780680875,0.0
0.006830210155812492,0.0
0.006792569121418852,0.0
0.006755135525367197,0.0
0.006717908224472557,0.0
0.006680886081849977,0.0
0.006644067966879828,0.0
0.0066074527551733195,0.0
0.006571039328538098,0.0
0.006534826574944128,0.0
0.006498813388489724,0.0
0.0064629986693678235,0.0
0.006427381323832312,0.0
0.006391960264164679,0.0
0.006356734408640828,0.0
0.006321702681497958,0.0
0.006286864012901763,0.0
0.006252217338913791,0.0
0.006217761601458876,0.0
0.006183495748292879,0.0
0.006149418732970527,0.0
0.006115529514813505,0.0
0.0060818270588786,0.0
0.00604831033592613,0.0
0.006014978322388561,0.0
0.00598183000033915,0.0
0.005948864357460922,0.0
0.005916080387015777,0.0
0.005883477087813674,0.0
0.0058510534641821035,0.0
0.005818808525935662,0.0
0.0057867412883458565,0.0
0.005754850772110956,0.0
0.005723136003326128,0.0
0.00569159601345373,0.0
0.005660229839293657,0.0
0.0056290365229539775,0.0
0.0055980151118216505,0.0
0.005567164658533492,0.0
0.005536484220947163,0.0
0.0055059728621124375,0.0
0.005475629650242616,0.0
0.005445453658686013,0.0
0.005415443965897684,0.0
0.005385599655411321,0.0
0.005355919815811188,0.0
0.005326403540704344,0.0
0.0052970499286929314,0.0
0.005267858083346695,0.0
0.005238827113175549,0.0
0.005209956131602362,0.0
0.005181244256935942,0.0
0.005152690612344024,0.0
0.005124294325826538,0.0
0.005096054530189001,0.0
0.00506797036301598,0.0
0.005040040966644788,0.0
0.005012265488139275,0.0
0.004984643079263824,0.0
0.004957172896457382,0.0
0.004929854100807727,0.0
0.0049026858580258825,0.0
0.00487566733842058,0.0
0.004848797716872943,0.0
0.004822076172811332,0.0
0.004795501890186208,0.0
0.00476907405744527,0.0
0.0047427918675086375,0.0
0.004716654517744247,0.0
0.004690661209943279,0.0
0.004664811150295817,0.0
0.004639103549366629,0.0
0.004613537622071,0.0
0.004588112587650801,0.0
0.00456282766965062,0.0
0.0045376820958940925,0.0
0.004512675098460257,0.0
0.004487805913660142,0.0
0.004463073782013459,0.0
0.004438477948225364,0.0
0.004414017661163414,0.0
0.004389692173834654,0.0
0.004365500743362754,0.0
0.004341442630965356,0.0
0.004317517101931499,0.0
0.004293723425599207,0.0
0.004270060875333134,0.0
0.0042465287285023915,0.0
0.0042231262664585096,0.0
0.004199852774513438,0.0
0.004176707541917745,0.0
0.004153689861838941,0.0
0.004130799031339832,0.0
0.0041080343513571,0.0
0.004085395126679927,0.0
0.004062880665928803,0.0
0.004040490281534358,0.0
0.004018223289716394,0.0
0.00399607901046302,0.0
0.003974056767509845,0.0
0.003952155888319347,0.0
0.003930375704060351,0.0
0.003908715549587568,0.0
0.0038871747634213086,0.0
0.0038657526877272585,0.0
0.0038444486682964324,0.0
0.003823262054525145,0.0
0.003802192199395158,0.0
0.003781238459453955,0.0
0.0037604001947950353,0.0
0.00373967676903841,0.0
0.0037190675493111464,0.0
0.003698571906228077,0.0
0.003678189213872527,0.0
0.003657918849777225,0.0
0.00363776019490532,0.0
0.0036177126336314224,0.0
0.0035977755537228355,0.0
0.0035779483463208735,0.0
0.0035582304059222285,0.0
0.0035386211303605045,0.0
0.0035191199207878156,0.0
0.003499726181656525,0.0
0.003480439320701017,0.0
0.0034612587489196286,0.0
0.0034421838805566837,0.0
0.0034232141330845646,0.0
0.0034043489271859398,0.0
0.0033855876867360966,0.0
0.0033669298387853036,0.0
0.003348374813541338,0.0
0.003329922044352077,0.0
0.0033115709676882162,0.0
0.0032933210231260186,0.0
0.0032751716533302245,0.0
0.0032571223040370467,0.0
0.0032391724240372023,0.0
0.003221321465159106,0.0
0.0032035688822521467,0.0
0.003185914133169992,0.0
0.0031683566787540723,0.0
0.003150895982817088,0.0
0.0031335315121266694,0.0
0.0031162627363890533,0.0
0.0030990891282329028,0.0
0.003082010163193226,0.0
0.003065025319695317,0.0
0.0030481340790388563,0.0
0.003031335925382057,0.0
0.003014630345725935,0.0
0.0029980168298986043,0.0
0.0029814948705397214,0.0
0.002965063963085001,0.0
0.0029487236057507762,0.0
0.0029324732995186925,0.0
0.002916312548120482,0.0
0.002900240858022779,0.0
0.002884257738412063,0.0
0.002868362701179667,0.0
0.0028525552609068873,0.0
0.002836834934850129,0.0
0.0028212012429261776,0.0
0.0028056537076975594,0.0
0.0027901918543579204,0.0
0.002774815210717548,0.0
0.0027595233071889677,0.0
0.0027443156767725657,0.0
0.002729191855042353,0.0
0.0027141513801317665,0.0
0.002699193792719592,0.0
0.0026843186360159003,0.0
0.002669525455748113,0.0
0.002654813800147151,0.0
0.0026401832199335964,0.0
0.0026256332683039976,0.0
0.0026111635009172345,0.0
0.0025967734758809177,0.0
0.0025824627537379186,0.0
0.0025682308974529318,0.0
0.0025540774723991555,0.0
0.002540002046344982,0.0
0.00252600418944082,0.0
0.0025120834742059736,0.0
0.002498239475515566,0.0
0.002484471770587569,0.0
0.0024707799389698895,0.0
0.0024571635625275433,0.0
0.002443622225429857,0.0
0.0024301555141377847,0.0
0.0024167630173912965,0.0
0.0024034443261967825,0.0
0.002390199033814582,0.0
0.0023770267357465795,0.0
0.0023639270297238163,0.0
0.002350899515694227,0.0
0.0023379437958104157,0.0
0.0023250594744175213,0.0
0.0023122461580411097,0.0
0.0022995034553751673,0.0
0.0022868309772701685,0.0
0.0022742283367211636,0.0
0.0022616951488559716,0.0
0.0022492310309234404,0.0
0.0022368356022817344,0.0
0.002224508484386723,0.0
0.002212249300780415,0.0
0.002200057677079478,0.0
0.00218793324096378,0.0
0.0021758756221650303,0.0
0.0021638844524554867,0.0
0.002151959365636683,0.0
0.002140099997528259,0.0
0.0021283059859568522,0.0
0.0021165769707450124,0.0
0.002104912593700215,0.0
0.0020933124986039203,0.0
0.0020817763312007058,0.0
0.0020703037391874264,0.0
0.002058894372202467,0.0
0.0020475478818150535,0.0
0.0020362639215145873,0.0
0.0020250421467000843,0.0
0.0020138822146696374,0.0
0.0020027837846099696,0.0
0.001991746517586,0.0
0.0019807700765305082,0.0
0.0019698541262338507,0.0
0.0019589983333336983,0.0
0.0019482023663048693,0.0
0.0019374658954492176,0.0
0.001926788592885541,0.0
0.0019161701325395794,0.0
0.001905610190134054,0.0
0.0018951084431787773,0.0
0.0018846645709607803,0.0
0.001874278254534533,0.0
0.0018639491767122134,0.0
0.0018536770220539977,0.0
0.00184346147685844,0.0
0.001833302229152902,0.0
0.0018231989686840048,0.0
0.001813151386908167,0.0
0.0018031591769821762,0.0
0.0017932220337538332,0.0
0.0017833396537526088,0.0
0.0017735117351803896,0.0
0.001763737977902272,0.0
0.0017540180834373711,0.0
0.0017443517549497226,0.0
0.0017347386972392227,0.0
0.0017251786167325944,0.0
0.0017156712214744347,0.0
0.0017062162211182942,0.0
0.0016968133269178215,0.0
0.0016874622517179247,0.0
0.0016781627099460138,0.0
0.001668914417603289,0.0
0.0016597170922560468,0.0
0.0016505704530270684,0.0
0.001641474220587036,0.0
0.001632428117146015,0.0
0.0016234318664449519,0.0
0.001614485193747245,0.0
0.0016055878258303667,0.0
0.0015967394909774983,0.0
0.001587939918969243,0.0
0.0015791888410753821,0.0
0.0015704859900466496,0.0
0.001561831100106584,0.0
0.001553223906943404,0.0
0.0015446641477019516,0.0
0.0015361515609756424,0.0
0.0015276858867984953,0.0
0.0015192668666372013,0.0
0.0015108942433832095,0.0
0.0015025677613448838,0.0
0.0014942871662397058,0.0
0.0014860522051864885,0.0
0.0014778626266976679,0.0
0.0014697181806716134,0.0
0.0014616186183850064,0.0
0.0014535636924852236,0.0
0.0014455531569827922,0.0
0.0014375867672438882,0.0
0.0014296642799828455,0.0
0.0014217854532547372,0.0
0.0014139500464479939,0.0
0.00140615782027704,0.0
0.0013984085367749956,0.0
0.0013907019592864051,0.0
0.001383037852460021,0.0
0.0013754159822415987,0.0
0.0013678361158667577,0.0
0.0013602980218538835,0.0
0.0013528014699970379,0.0
0.0013453462313589427,0.0
0.0013379320782639812,0.0
0.0013305587842912573,0.0
0.001323226124267664,0.0
0.0013159338742610145,0.0
0.0013086818115732122,0.0
0.001301469714733434,0.0
0.0012942973634913729,0.0
0.0012871645388105222,0.0
0.0012800710228614693,0.0
0.001273016599015253,0.0
0.0012660010518367453,0.0
0.0012590241670780795,0.0
0.0012520857316720944,0.0
0.0012451855337258328,0.0
0.0012383233625140801,0.0
0.001231499008472913,0.0
0.001224712263193307,0.0
0.0012179629194147786,0.0
0.0012112507710190436,0.0
0.001204575613023729,0.0
0.0011979372415761099,0.0
0.001191335453946894,0.0
0.0011847700485240144,0.0
0.001178240824806482,0.0
0.0011717475833982669,0.0
0.0011652901260021976,0.0
0.0011588682554139107,0.0
0.0011524817755158342,0.0
0.001146130491271188,0.0
0.0011398142087180332,0.0
0.0011335327349633467,0.0
0.0011272858781771376,0.0
0.0011210734475865765,0.0
0.0011148952534701761,0.0
0.001108751107152004,0.0
0.0011026408209959067,0.0
0.001096564208399787,0.0
0.001090521083789912,0.0
0.0010845112626152308,0.0
0.0010785345613417493,0.0
0.0010725907974469208,0.0
0.0010666797894140795,0.0
0.0010608013567268851,0.0
0.0010549553198638158,0.0
0.0010491415002926924,0.0
0.0010433597204652144,0.0
0.001037609803811545,0.0
0.0010318915747349144,0.0
0.0010262048586062679,0.0
0.0010205494817589174,0.0
0.0010149252714832465,0.0
0.0010093320560214405,0.0
0.0010037696645622297,0.0
